001
!#BRUTALSKY;#XVEON:40,20;FFFFFFCC
$-15,1:
$15,1:
#S;SPINNER-LEFT-BG:-2,,;4,5;2,,,10,,;4C4C4C;;
#S;SPINNER-RIGHT-BG:2,,;4,5;2,,,10,,;4C4C4C;;
#S;WALL-LEFT:-20,,;3,2,22;2,,,10,,;B2B2B2;1;1
#S;WALL-RIGHT:20,,;3,2,22;2,,,10,,;B2B2B2;1;1
#S;WALL-TOP:,10,;,-15,1,,15,1,,15,,,14,-.5,,-14,-.5,,-15,;2,,,10,,;B2B2B2;1;1
#S;WALL-BOTTOM:,-10,;,-7,-1,,-7,.5,,,3,,7,.5,,7,-1;2,,,10,,;B2B2B2;1;1
#S;PLATFORM-LEFT:-19,,;,-1,2.5,,,2.5,1,,.5,2,.5,,8,.5,,7.5,,,8,-.5,,2,-.5,1,,-.5,,-2.5,,-1,-2.5;2,,,10,,;B2B2B2;1;1
#S;PLATFORM-RIGHT:19,,;,1,2.5,,,2.5,1,,.5,-2,.5,,-8,.5,,-7.5,,,-8,-.5,,-2,-.5,1,,-.5,,-2.5,,1,-2.5;2,,,10,,;B2B2B2;1;1
#S;POOL-TL-WALL-TOP:-17,13.25,;3,5,.5;2,,,10,,;B2B2B2;1;1
#S;POOL-TL-WALL-LEFT:-19.25,12,;3,.5,2;2,,,10,,;B2B2B2;1;1
#S;POOL-TL-WALL-RIGHT:-14.75,12,;3,.5,2;2,,,10,,;B2B2B2;1;1
#S;POOL-TR-WALL-TOP:17,13.25,;3,5,.5;2,,,10,,;B2B2B2;1;1
#S;POOL-TR-WALL-LEFT:14.75,12,;3,.5,2;2,,,10,,;B2B2B2;1;1
#S;POOL-TR-WALL-RIGHT:19.25,12,;3,.5,2;2,,,10,,;B2B2B2;1;1
#S;POOL-BL-WALL-BOTTOM:-13,-13.25,;3,13,.5;2,,,10,,;B2B2B2;1;1
#S;POOL-BL-WALL-LEFT:-19.25,-12,;3,.5,2;2,,,10,,;B2B2B2;1;1
#S;POOL-BL-WALL-RIGHT:-6.75,-12,;3,.5,2;2,,,10,,;B2B2B2;1;1
#S;POOL-BR-WALL-BOTTOM:13,-13.25,;3,13,.5;2,,,10,,;B2B2B2;1;1
#S;POOL-BR-WALL-LEFT:6.75,-12,;3,.5,2;2,,,10,,;B2B2B2;1;1
#S;POOL-BR-WALL-RIGHT:19.25,-12,;3,.5,2;2,,,10,,;B2B2B2;1;1
#S;GLUE-LEFT:-9,9.25,;3,10,.5;5,,2,1,,;B2E566;1;1
#S;GLUE-RIGHT:9,9.25,;3,10,.5;5,,2,1,,;B2E566;1;1
#S;ICE-LEFT:-14.5,9.5,;,-.5,.5,,.5,,,.5,-.5,,-.5,;,,,1,,;7FCCFF;1;1
#S;ICE-RIGHT:14.5,9.5,;,.5,.5,,-.5,,,-.5,-.5,,.5,;,,,1,,;7FCCFF;1;1
#S;ICE-BOTTOM:,-9.5,;,-7,,,-7,.5,,,3,,7,.5,,7,,,,2.5;,,,1,,;7FCCFF;1;1
#S;RUBBER-TOP:,9.25,;,4,.25,,4,-.25,,,-1.25,,-4,-.25,,-4,.25;,1,,1,,;B266E5;1;1
#S;ELECTRIC-LEFT:-11,,45;2,.7;2,,,1,-25,;FFFF331;1;1
#S;ELECTRIC-RIGHT:11,,45;2,.7;2,,,1,-25,;FFFF331;1;1
#S;SPINNER-LEFT:-2,,;7,6,4.9,2.9;2,,,1,,1;E5E5FF;1;1
@J;SPINNER-LEFT-MOTOR:,,;3;;;;100,10000;
#S;SPINNER-RIGHT:2,,30;7,6,4.9,2.9;2,,,1,,1;E5E5FF;1;1
@J;SPINNER-RIGHT-MOTOR:,,;3;;;;-100,10000;
#P;WATER-LEFT:-17,11.25,180;4,3.5;25,1,;6666FF;2;1
#P;WATER-RIGHT:17,11.25,180;4,3.5;25,1,;6666FF;2;1
#P;LAVA-LEFT:-13,-11,;12,4;25,1,-25;FF4C331;2;1
#P;LAVA-RIGHT:13,-11,;12,4;25,1,-25;FF4C331;2;1
