001:!$#%^;@
!Fidget;Xveon:40,20;4C4C4CFF0;FFFFFFCC0;1;20;100
$-7,-8.5:1
$-5,-8.5:0
$5,-8.5:0
$7,-8.5:1
#sh;floor:0,-10,0;1,-15,0,-10,1,10,1,15,0;2,0,0,10,0,0;B2B2B2FF0;1;1
#sh;guard-left:-20,10,0;1,0,0,10,0,5,-1,1,-1,1,-10,0,-15;2,0,0,10,0,0;B2B2B2FF0;1;1
#sh;guard-right:20,10,0;1,0,0,-10,0,-5,-1,-1,-1,-1,-10,0,-15;2,0,0,10,0,0;B2B2B2FF0;1;1
#sh;spinner-middle-bg:0,7,0;4,4;;3FFF3F0D0;0;0
#sh;spinner-middle:0,7,0;7,3,4,1;5,0,20,1,0,1;3FFF3FFF0;1;1
@jn;spinner-middle-motor:0,0,0;3;;0;.;.;1;0;10000;0;0;0
#sh;spinner-left-bg:-17,-7,0;4,4;;FF3F3F0D0;0;0
#sh;spinner-left:-17,-7,0;7,3,4,1;5,0,20,1,0,1;FF3F3FFF0;1;1
@jn;spinner-left-motor:0,0,0;3;;0;.;.;1;0;10000;0;0;0
#sh;spinner-right-bg:17,-7,0;4,4;;3F3FFF0D0;0;0
#sh;spinner-right:17,-7,0;7,3,4,1;5,0,20,1,0,1;3F3FFFFF0;1;1
@jn;spinner-right-motor:0,0,0;3;;0;.;.;1;0;10000;0;0;0
%:ftmr;msin;bcfl,1000;mmul,2;brin,0,2;fclk,50;foch;bmem;fdmx,3;bcfl,3.1415927;mmul,2
^:3,0,13,0;12,0,13,1;13,0,4,0;4,0,6,0;5,0,6,1;6,0,11,1;7,0,10,0;8,0,9,0;9,0,10,1;10,0,11,0;11,0,0,4;11,1,1,4;11,2,2,4
