001
!$# @
!Ring;Xveon:40,40;4C4C4C;FFFFFFCC;;;1000000
$,10:
$10,:
$,-10:
$-10,:
#s;background-top:,,45;,,,,,20,1,20,20,20,;,,-50,10,,;FF3F3F1A;;
#s;background-right:,,-45;,,,,,20,1,20,20,20,;,,-50,10,,;9FFF3F1A;;
#s;background-bottom:,,-135;,,,,,20,1,20,20,20,;,,-50,10,,;3FFFFF1A;;
#s;background-left:,,-225;,,,,,20,1,20,20,20,;,,-50,10,,;9F3FFF1A;;
#s;quadrant-top:,,45;,,20,1,20,20,20,,,19,,1,19,19,,19;,,-50,10,,;FF3F3F;1;1
#s;quadrant-right:,,-45;,,20,1,20,20,20,,,19,,1,19,19,,19;,,-50,10,,;9FFF3F;1;1
#s;quadrant-bottom:,,-135;,,20,1,20,20,20,,,19,,1,19,19,,19;,,-50,10,,;3FFFFF;1;1
#s;quadrant-left:,,-225;,,20,1,20,20,20,,,19,,1,19,19,,19;,,-50,10,,;9F3FFF;1;1
